	d:2	d:4	d:6	d:8	d:10	d:12	d:14	d:16	d:18	d:20	
b:2	0.00	0.00	0.60	0.40	0.40	0.40	0.20	0.20	0.40	0.40	
b:4	0.00	0.60	0.60	0.80	0.40	0.60	0.80	0.80	0.60	0.60	
b:6	0.00	0.60	0.60	0.80	0.80	0.80	0.80	0.80	0.80	0.80	
b:8	0.40	0.60	0.60	0.80	0.80	0.80	0.80	1.00	0.80	0.80	
b:10	0.00	0.40	0.80	0.80	0.80	0.80	1.00	1.00	1.00	0.80	
b:12	0.00	0.20	0.60	0.60	0.60	0.80	0.80	0.80	0.80	0.80	
b:14	0.00	0.20	0.40	0.60	0.60	0.80	0.80	0.80	0.80	0.80	
b:16	0.00	0.20	0.40	0.60	0.60	0.80	0.80	0.80	0.80	0.80	
b:18	0.00	0.20	0.40	0.60	0.60	0.80	0.80	0.80	0.80	0.80	
b:20	0.00	0.20	0.40	0.60	0.60	0.80	0.80	0.80	0.80	0.80
